Date,Country,Region,Region Code,lat,long,Region code,ISO Code,Map Region,Population,Area,Total Cases,Deaths,Recovered,Tests,Tested People,Active Cases,Hospitalized,Quarantined,Intensive Care,Other Hospitalized,Prev Total Cases,Previous Daily Cases,Daily Cases,Daily Deaths,Daily Recovered,Daily Tests,Daily Tested People,Daily Active Cases,Daily Hospitalized,Daily Quarantined,Daily Intensive Care,Daily Other Hospitalized,Weekly Cases,Weekly Deaths,Weekly Recovered,Weekly Tests,Weekly Tested People,Weekly Active Cases,Weekly Hospitalized,Weekly Quarantined,Weekly Intensive Care,Weekly Other Hospitalized,Last Update,note
2021-07-17,ITA,Abruzzo,13,42.35122196,13.39843823,13,IT-65,Abruzzo,1311580,10832,75341,2513,71889,1772682,712021,939,23,916,1,22,75308,23,33,0,18,6135,2004,15,-3,18,0,-3,204,1,193,30692,8853,10,-6,16,0,-6,2021-07-17 17:00:00,Dal totale dei positivi è stato eliminato un caso in quanto non paziente Covid.
2021-07-17,ITA,Basilicata,17,40.63947052,15.80514834,17,IT-77,Basilicata,562869,10073,27080,591,25942,402257,214255,547,14,533,0,14,27069,10,11,0,4,646,253,7,0,7,0,0,44,0,80,3463,1342,-36,1,-37,0,1,2021-07-17 17:00:00," Il numero totale dei decessi ne comprende n. 22 a carico di pazienti non residenti, deceduti in strutture ospedaliere della Regione Basilicata."
2021-07-17,ITA,Calabria,18,38.90597598,16.59440194,18,IT-78,Calabria,1947131,15222,69603,1236,66364,964248,882127,2003,52,1951,4,48,69552,77,51,0,53,1711,1476,-2,2,-4,1,1,328,2,398,12718,10967,-72,3,-75,1,2,2021-07-17 17:00:00,
2021-07-17,ITA,Campania,15,40.83956555,14.25084984,15,IT-72,Campania,5801692,13671,426986,7560,412378,5489756,3308617,7048,194,6854,12,182,426748,204,238,2,96,14340,2969,140,11,129,0,11,1238,19,993,85162,16398,226,-21,247,-3,-18,2021-07-17 17:00:00,
2021-07-17,ITA,Emilia-Romagna,8,44.49436681,11.341720800000001,8,IT-45,Emilia-Romagna,4489477,22453,388479,13268,372723,6998929,1932454,2488,159,2329,14,145,388272,199,207,0,77,22306,1880,130,-4,134,-1,-3,975,0,701,112254,10085,274,-7,281,1,-8,2021-07-17 17:00:00,
2021-07-17,ITA,Friuli Venezia Giulia,6,45.6494354,13.76813649,6,IT-36,Friuli-Venezia Giulia,1215220,7924,107242,3789,103208,2239567,700442,245,8,237,0,8,107214,26,28,0,16,6923,1727,12,1,11,-1,2,152,0,124,34287,7816,28,3,25,-1,4,2021-07-17 17:00:00,Il totale dei casi positivi è stato ridotto di 2 a seguito di test positivi rimossi dai laboratori dopo revisione dei casi (un caso relativo alla provincia di Pordenone e un caso proveniente da fuori regione).		
2021-07-17,ITA,Lazio,12,41.89277044,12.48366722,12,IT-62,Lazio,5879082,17232,348943,8386,337589,8013887,4502168,2968,130,2838,25,105,348443,443,500,2,175,34834,3666,323,0,323,0,0,2006,11,1204,167540,22662,791,-27,818,-1,-26,2021-07-17 17:00:00,
2021-07-17,ITA,Liguria,7,44.41149315,8.9326992,7,IT-42,Liguria,1550640,5416,103810,4356,99161,1838949,710894,293,16,277,5,11,103755,54,55,1,17,5873,2221,37,3,34,0,3,240,4,98,32373,10642,138,0,138,-2,2,2021-07-17 17:00:00,
2021-07-17,ITA,Lombardia,3,45.46679409,9.190347404,3,IT-25,Lombardia,10060574,23864,845529,33808,804643,12103488,4777828,7078,167,6911,31,136,845091,399,438,4,1609,38089,10973,-1175,-6,-1169,1,-7,2224,10,3596,204788,59320,-1382,9,-1391,-6,15,2021-07-17 17:00:00,
2021-07-17,ITA,Marche,11,43.61675973,13.5188753,11,IT-57,Marche,1525271,9401,104252,3038,99760,1335622,780268,1454,13,1441,2,11,104199,52,53,0,18,2234,1309,35,0,35,0,0,274,0,128,14928,7934,146,3,143,0,3,2021-07-17 17:00:00,
2021-07-17,ITA,Molise,14,41.55774754,14.65916051,14,IT-67,Molise,305617,4461,13808,492,13212,246495,213180,104,0,104,0,0,13799,23,9,0,1,404,404,8,0,8,0,0,66,0,16,2628,2620,50,-1,51,0,-1,2021-07-17 17:00:00,
2021-07-17,ITA,P.A. Bolzano,21,46.49933453,11.35662422,4,IT-32,Trentino-Alto Adige,533050,7400,73489,1182,72148,1681723,430431,159,6,153,0,6,73455,10,34,0,15,4274,257,19,1,18,0,1,108,2,58,17501,1321,48,-3,51,-2,-1,2021-07-17 17:00:00,34 nuovi positivi di cui 15 test antigenici confermati da test molecolare
2021-07-17,ITA,P.A. Trento,22,46.06893511,11.12123097,24,IT-32,Trentino-Alto Adige,541380,6207,45934,1363,44443,891042,241916,128,2,126,1,1,45908,33,26,0,11,1960,784,15,1,14,0,1,124,0,46,9019,3607,78,2,76,1,1,2021-07-17 17:00:00,
2021-07-17,ITA,Piemonte,1,45.0732745,7.680687483,1,IT-21,Piemonte,4356406,25387,363682,11699,351034,5273856,2050428,949,48,901,3,45,363627,115,55,0,26,23939,4939,29,-3,32,0,-3,439,1,200,106863,25593,238,-19,257,0,-19,2021-07-17 17:00:00,
2021-07-17,ITA,Puglia,16,41.12559576,16.86736689,16,IT-75,Puglia,4029053,19541,254126,6659,245768,2773928,1262013,1699,74,1625,9,65,254045,46,81,1,22,6702,1503,58,0,58,0,0,363,9,765,40906,9269,-411,-13,-398,0,-13,2021-07-17 17:00:00,
2021-07-17,ITA,Sardegna,20,39.21531192,9.110616306,20,IT-88,Sardegna,1639591,24100,58243,1494,55171,1436313,838017,1578,60,1518,4,56,58053,140,190,0,11,4100,2628,179,14,165,1,13,766,2,1584,24087,13722,-820,23,-843,3,20,2021-07-17 17:00:00,
2021-07-17,ITA,Sicilia,19,38.11569725,13.362356699999998,19,IT-82,Sicilia,4999891,25832,235092,6006,224299,5084845,1925293,4787,166,4621,23,143,234661,386,431,0,53,13176,4417,378,-1,379,0,-1,1985,16,729,76291,28010,1240,17,1223,5,12,2021-07-17 17:00:00,
2021-07-17,ITA,Toscana,9,43.76923077,11.25588885,9,IT-52,Toscana,3729641,22987,245733,6898,236989,5322515,2432192,1846,80,1766,17,63,245511,169,222,0,50,12968,4914,172,4,168,1,3,872,10,544,74507,30193,318,-5,323,1,-6,2021-07-17 17:00:00,
2021-07-17,ITA,Umbria,10,43.10675841,12.38824698,10,IT-55,Umbria,882015,8464,57079,1424,54969,1521125,398997,686,7,679,1,6,57049,56,30,0,6,4954,467,24,2,22,0,2,146,0,93,25091,3100,53,-3,56,0,-3,2021-07-17 17:00:00,
2021-07-17,ITA,Valle d'Aosta,2,45.73750286,7.320149366,2,IT-23,Valle d'Aosta,125666,3261,11710,473,11213,145667,69007,24,0,24,0,0,11708,5,2,0,0,383,221,2,0,2,0,0,10,0,6,2227,1119,4,0,4,0,0,2021-07-17 17:00:00,
2021-07-17,ITA,Veneto,5,45.43490485,12.33845213,5,IT-34,Veneto,4905854,18020,428171,11629,410074,9090400,1880199,6468,54,6414,10,44,427747,425,424,3,50,38846,5359,371,2,369,-1,3,1883,9,319,184041,27524,1555,9,1546,4,5,2021-07-17 17:00:00,
